2	7927	17393	27457	37831	48619	59369
3	7933	17401	27479	37847	48623	59377
5	7937	17417	27481	37853	48647	59387
7	7949	17419	27487	37861	48649	59393
11	7951	17431	27509	37871	48661	59399
13	7963	17443	27527	37879	48673	59407
17	7993	17449	27529	37889	48677	59417
19	8009	17467	27539	37897	48679	59419
23	8011	17471	27541	37907	48731	59441
29	8017	17477	27551	37951	48733	59443
31	8039	17483	27581	37957	48751	59447
37	8053	17489	27583	37963	48757	59453
41	8059	17491	27611	37967	48761	59467
43	8069	17497	27617	37987	48767	59471
47	8081	17509	27631	37991	48779	59473
53	8087	17519	27647	37993	48781	59497
59	8089	17539	27653	37997	48787	59509
61	8093	17551	27673	38011	48799	59513
67	8101	17569	27689	38039	48809	59539
71	8111	17573	27691	38047	48817	59557
73	8117	17579	27697	38053	48821	59561
79	8123	17581	27701	38069	48823	59567
83	8147	17597	27733	38083	48847	59581
89	8161	17599	27737	38113	48857	59611
97	8167	17609	27739	38119	48859	59617
101	8171	17623	27743	38149	48869	59621
103	8179	17627	27749	38153	48871	59627
107	8191	17657	27751	38167	48883	59629
109	8209	17659	27763	38177	48889	59651
113	8219	17669	27767	38183	48907	59659
127	8221	17681	27773	38189	48947	59663
131	8231	17683	27779	38197	48953	59669
137	8233	17707	27791	38201	48973	59671
139	8237	17713	27793	38219	48989	59693
149	8243	17729	27799	38231	48991	59699
151	8263	17737	27803	38237	49003	59707
157	8269	17747	27809	38239	49009	59723
163	8273	17749	27817	38261	49019	59729
167	8287	17761	27823	38273	49031	59743
173	8291	17783	27827	38281	49033	59747
179	8293	17789	27847	38287	49037	59753
181	8297	17791	27851	38299	49043	59771
191	8311	17807	27883	38303	49057	59779
193	8317	17827	27893	38317	49069	59791
197	8329	17837	27901	38321	49081	59797
199	8353	17839	27917	38327	49103	59809
211	8363	17851	27919	38329	49109	59833
223	8369	17863	27941	38333	49117	59863
227	8377	17881	27943	38351	49121	59879
229	8387	17891	27947	38371	49123	59887
233	8389	17903	27953	38377	49139	59921
239	8419	17909	27961	38393	49157	59929
241	8423	17911	27967	38431	49169	59951
251	8429	17921	27983	38447	49171	59957
257	8431	17923	27997	38449	49177	59971
263	8443	17929	28001	38453	49193	59981
269	8447	17939	28019	38459	49199	59999
271	8461	17957	28027	38461	49201	60013
277	8467	17959	28031	38501	49207	60017
281	8501	17971	28051	38543	49211	60029
283	8513	17977	28057	38557	49223	60037
293	8521	17981	28069	38561	49253	60041
307	8527	17987	28081	38567	49261	60077
311	8537	17989	28087	38569	49277	60083
313	8539	18013	28097	38593	49279	60089
317	8543	18041	28099	38603	49297	60091
331	8563	18043	28109	38609	49307	60101
337	8573	18047	28111	38611	49331	60103
347	8581	18049	28123	38629	49333	60107
349	8597	18059	28151	38639	49339	60127
353	8599	18061	28163	38651	49363	60133
359	8609	18077	28181	38653	49367	60139
367	8623	18089	28183	38669	49369	60149
373	8627	18097	28201	38671	49391	60161
379	8629	18119	28211	38677	49393	60167
383	8641	18121	28219	38693	49409	60169
389	8647	18127	28229	38699	49411	60209
397	8663	18131	28277	38707	49417	60217
401	8669	18133	28279	38711	49429	60223
409	8677	18143	28283	38713	49433	60251
419	8681	18149	28289	38723	49451	60257
421	8689	18169	28297	38729	49459	60259
431	8693	18181	28307	38737	49463	60271
433	8699	18191	28309	38747	49477	60289
439	8707	18199	28319	38749	49481	60293
443	8713	18211	28349	38767	49499	60317
449	8719	18217	28351	38783	49523	60331
457	8731	18223	28387	38791	49529	60337
461	8737	18229	28393	38803	49531	60343
463	8741	18233	28403	38821	49537	60353
467	8747	18251	28409	38833	49547	60373
479	8753	18253	28411	38839	49549	60383
487	8761	18257	28429	38851	49559	60397
491	8779	18269	28433	38861	49597	60413
499	8783	18287	28439	38867	49603	60427
503	8803	18289	28447	38873	49613	60443
509	8807	18301	28463	38891	49627	60449
521	8819	18307	28477	38903	49633	60457
523	8821	18311	28493	38917	49639	60493
541	8831	18313	28499	38921	49663	60497
547	8837	18329	28513	38923	49667	60509
557	8839	18341	28517	38933	49669	60521
563	8849	18353	28537	38953	49681	60527
569	8861	18367	28541	38959	49697	60539
571	8863	18371	28547	38971	49711	60589
577	8867	18379	28549	38977	49727	60601
587	8887	18397	28559	38993	49739	60607
593	8893	18401	28571	39019	49741	60611
599	8923	18413	28573	39023	49747	60617
601	8929	18427	28579	39041	49757	60623
607	8933	18433	28591	39043	49783	60631
613	8941	18439	28597	39047	49787	60637
617	8951	18443	28603	39079	49789	60647
619	8963	18451	28607	39089	49801	60649
631	8969	18457	28619	39097	49807	60659
641	8971	18461	28621	39103	49811	60661
643	8999	18481	28627	39107	49823	60679
647	9001	18493	28631	39113	49831	60689
653	9007	18503	28643	39119	49843	60703
659	9011	18517	28649	39133	49853	60719
661	9013	18521	28657	39139	49871	60727
673	9029	18523	28661	39157	49877	60733
677	9041	18539	28663	39161	49891	60737
683	9043	18541	28669	39163	49919	60757
691	9049	18553	28687	39181	49921	60761
701	9059	18583	28697	39191	49927	60763
709	9067	18587	28703	39199	49937	60773
719	9091	18593	28711	39209	49939	60779
727	9103	18617	28723	39217	49943	60793
733	9109	18637	28729	39227	49957	60811
739	9127	18661	28751	39229	49991	60821
743	9133	18671	28753	39233	49993	60859
751	9137	18679	28759	39239	49999	60869
757	9151	18691	28771	39241	50021	60887
761	9157	18701	28789	39251	50023	60889
769	9161	18713	28793	39293	50033	60899
773	9173	18719	28807	39301	50047	60901
787	9181	18731	28813	39313	50051	60913
797	9187	18743	28817	39317	50053	60917
809	9199	18749	28837	39323	50069	60919
811	9203	18757	28843	39341	50077	60923
821	9209	18773	28859	39343	50087	60937
823	9221	18787	28867	39359	50093	60943
827	9227	18793	28871	39367	50101	60953
829	9239	18797	28879	39371	50111	60961
839	9241	18803	28901	39373	50119	61001
853	9257	18839	28909	39383	50123	61007
857	9277	18859	28921	39397	50129	61027
859	9281	18869	28927	39409	50131	61031
863	9283	18899	28933	39419	50147	61043
877	9293	18911	28949	39439	50153	61051
881	9311	18913	28961	39443	50159	61057
883	9319	18917	28979	39451	50177	61091
887	9323	18919	29009	39461	50207	61099
907	9337	18947	29017	39499	50221	61121
911	9341	18959	29021	39503	50227	61129
919	9343	18973	29023	39509	50231	61141
929	9349	18979	29027	39511	50261	61151
937	9371	19001	29033	39521	50263	61153
941	9377	19009	29059	39541	50273	61169
947	9391	19013	29063	39551	50287	61211
953	9397	19031	29077	39563	50291	61223
967	9403	19037	29101	39569	50311	61231
971	9413	19051	29123	39581	50321	61253
977	9419	19069	29129	39607	50329	61261
983	9421	19073	29131	39619	50333	61283
991	9431	19079	29137	39623	50341	61291
997	9433	19081	29147	39631	50359	61297
1009	9437	19087	29153	39659	50363	61331
1013	9439	19121	29167	39667	50377	61333
1019	9461	19139	29173	39671	50383	61339
1021	9463	19141	29179	39679	50387	61343
1031	9467	19157	29191	39703	50411	61357
1033	9473	19163	29201	39709	50417	61363
1039	9479	19181	29207	39719	50423	61379
1049	9491	19183	29209	39727	50441	61381
1051	9497	19207	29221	39733	50459	61403
1061	9511	19211	29231	39749	50461	61409
1063	9521	19213	29243	39761	50497	61417
1069	9533	19219	29251	39769	50503	61441
1087	9539	19231	29269	39779	50513	61463
1091	9547	19237	29287	39791	50527	61469
1093	9551	19249	29297	39799	50539	61471
1097	9587	19259	29303	39821	50543	61483
1103	9601	19267	29311	39827	50549	61487
1109	9613	19273	29327	39829	50551	61493
1117	9619	19289	29333	39839	50581	61507
1123	9623	19301	29339	39841	50587	61511
1129	9629	19309	29347	39847	50591	61519
1151	9631	19319	29363	39857	50593	61543
1153	9643	19333	29383	39863	50599	61547
1163	9649	19373	29387	39869	50627	61553
1171	9661	19379	29389	39877	50647	61559
1181	9677	19381	29399	39883	50651	61561
1187	9679	19387	29401	39887	50671	61583
1193	9689	19391	29411	39901	50683	61603
1201	9697	19403	29423	39929	50707	61609
1213	9719	19417	29429	39937	50723	61613
1217	9721	19421	29437	39953	50741	61627
1223	9733	19423	29443	39971	50753	61631
1229	9739	19427	29453	39979	50767	61637
1231	9743	19429	29473	39983	50773	61643
1237	9749	19433	29483	39989	50777	61651
1249	9767	19441	29501	40009	50789	61657
1259	9769	19447	29527	40013	50821	61667
1277	9781	19457	29531	40031	50833	61673
1279	9787	19463	29537	40037	50839	61681
1283	9791	19469	29567	40039	50849	61687
1289	9803	19471	29569	40063	50857	61703
1291	9811	19477	29573	40087	50867	61717
1297	9817	19483	29581	40093	50873	61723
1301	9829	19489	29587	40099	50891	61729
1303	9833	19501	29599	40111	50893	61751
1307	9839	19507	29611	40123	50909	61757
1319	9851	19531	29629	40127	50923	61781
1321	9857	19541	29633	40129	50929	61813
1327	9859	19543	29641	40151	50951	61819
1361	9871	19553	29663	40153	50957	61837
1367	9883	19559	29669	40163	50969	61843
1373	9887	19571	29671	40169	50971	61861
1381	9901	19577	29683	40177	50989	61871
1399	9907	19583	29717	40189	50993	61879
1409	9923	19597	29723	40193	51001	61909
1423	9929	19603	29741	40213	51031	61927
1427	9931	19609	29753	40231	51043	61933
1429	9941	19661	29759	40237	51047	61949
1433	9949	19681	29761	40241	51059	61961
1439	9967	19687	29789	40253	51061	61967
1447	9973	19697	29803	40277	51071	61979
1451	10007	19699	29819	40283	51109	61981
1453	10009	19709	29833	40289	51131	61987
1459	10037	19717	29837	40343	51133	61991
1471	10039	19727	29851	40351	51137	62003
1481	10061	19739	29863	40357	51151	62011
1483	10067	19751	29867	40361	51157	62017
1487	10069	19753	29873	40387	51169	62039
1489	10079	19759	29879	40423	51193	62047
1493	10091	19763	29881	40427	51197	62053
1499	10093	19777	29917	40429	51199	62057
1511	10099	19793	29921	40433	51203	62071
1523	10103	19801	29927	40459	51217	62081
1531	10111	19813	29947	40471	51229	62099
1543	10133	19819	29959	40483	51239	62119
1549	10139	19841	29983	40487	51241	62129
1553	10141	19843	29989	40493	51257	62131
1559	10151	19853	30011	40499	51263	62137
1567	10159	19861	30013	40507	51283	62141
1571	10163	19867	30029	40519	51287	62143
1579	10169	19889	30047	40529	51307	62171
1583	10177	19891	30059	40531	51329	62189
1597	10181	19913	30071	40543	51341	62191
1601	10193	19919	30089	40559	51343	62201
1607	10211	19927	30091	40577	51347	62207
1609	10223	19937	30097	40583	51349	62213
1613	10243	19949	30103	40591	51361	62219
1619	10247	19961	30109	40597	51383	62233
1621	10253	19963	30113	40609	51407	62273
1627	10259	19973	30119	40627	51413	62297
1637	10267	19979	30133	40637	51419	62299
1657	10271	19991	30137	40639	51421	62303
1663	10273	19993	30139	40693	51427	62311
1667	10289	19997	30161	40697	51431	62323
1669	10301	20011	30169	40699	51437	62327
1693	10303	20021	30181	40709	51439	62347
1697	10313	20023	30187	40739	51449	62351
1699	10321	20029	30197	40751	51461	62383
1709	10331	20047	30203	40759	51473	62401
1721	10333	20051	30211	40763	51479	62417
1723	10337	20063	30223	40771	51481	62423
1733	10343	20071	30241	40787	51487	62459
1741	10357	20089	30253	40801	51503	62467
1747	10369	20101	30259	40813	51511	62473
1753	10391	20107	30269	40819	51517	62477
1759	10399	20113	30271	40823	51521	62483
1777	10427	20117	30293	40829	51539	62497
1783	10429	20123	30307	40841	51551	62501
1787	10433	20129	30313	40847	51563	62507
1789	10453	20143	30319	40849	51577	62533
1801	10457	20147	30323	40853	51581	62539
1811	10459	20149	30341	40867	51593	62549
1823	10463	20161	30347	40879	51599	62563
1831	10477	20173	30367	40883	51607	62581
1847	10487	20177	30389	40897	51613	62591
1861	10499	20183	30391	40903	51631	62597
1867	10501	20201	30403	40927	51637	62603
1871	10513	20219	30427	40933	51647	62617
1873	10529	20231	30431	40939	51659	62627
1877	10531	20233	30449	40949	51673	62633
1879	10559	20249	30467	40961	51679	62639
1889	10567	20261	30469	40973	51683	62653
1901	10589	20269	30491	40993	51691	62659
1907	10597	20287	30493	41011	51713	62683
1913	10601	20297	30497	41017	51719	62687
1931	10607	20323	30509	41023	51721	62701
1933	10613	20327	30517	41039	51749	62723
1949	10627	20333	30529	41047	51767	62731
1951	10631	20341	30539	41051	51769	62743
1973	10639	20347	30553	41057	51787	62753
1979	10651	20353	30557	41077	51797	62761
1987	10657	20357	30559	41081	51803	62773
1993	10663	20359	30577	41113	51817	62791
1997	10667	20369	30593	41117	51827	62801
1999	10687	20389	30631	41131	51829	62819
2003	10691	20393	30637	41141	51839	62827
2011	10709	20399	30643	41143	51853	62851
2017	10711	20407	30649	41149	51859	62861
2027	10723	20411	30661	41161	51869	62869
2029	10729	20431	30671	41177	51871	62873
2039	10733	20441	30677	41179	51893	62897
2053	10739	20443	30689	41183	51899	62903
2063	10753	20477	30697	41189	51907	62921
2069	10771	20479	30703	41201	51913	62927
2081	10781	20483	30707	41203	51929	62929
2083	10789	20507	30713	41213	51941	62939
2087	10799	20509	30727	41221	51949	62969
2089	10831	20521	30757	41227	51971	62971
2099	10837	20533	30763	41231	51973	62981
2111	10847	20543	30773	41233	51977	62983
2113	10853	20549	30781	41243	51991	62987
2129	10859	20551	30803	41257	52009	62989
2131	10861	20563	30809	41263	52021	63029
2137	10867	20593	30817	41269	52027	63031
2141	10883	20599	30829	41281	52051	63059
2143	10889	20611	30839	41299	52057	63067
2153	10891	20627	30841	41333	52067	63073
2161	10903	20639	30851	41341	52069	63079
2179	10909	20641	30853	41351	52081	63097
2203	10937	20663	30859	41357	52103	63103
2207	10939	20681	30869	41381	52121	63113
2213	10949	20693	30871	41387	52127	63127
2221	10957	20707	30881	41389	52147	63131
2237	10973	20717	30893	41399	52153	63149
2239	10979	20719	30911	41411	52163	63179
2243	10987	20731	30931	41413	52177	63197
2251	10993	20743	30937	41443	52181	63199
2267	11003	20747	30941	41453	52183	63211
2269	11027	20749	30949	41467	52189	63241
2273	11047	20753	30971	41479	52201	63247
2281	11057	20759	30977	41491	52223	63277
2287	11059	20771	30983	41507	52237	63281
2293	11069	20773	31013	41513	52249	63299
2297	11071	20789	31019	41519	52253	63311
2309	11083	20807	31033	41521	52259	63313
2311	11087	20809	31039	41539	52267	63317
2333	11093	20849	31051	41543	52289	63331
2339	11113	20857	31063	41549	52291	63337
2341	11117	20873	31069	41579	52301	63347
2347	11119	20879	31079	41593	52313	63353
2351	11131	20887	31081	41597	52321	63361
2357	11149	20897	31091	41603	52361	63367
2371	11159	20899	31121	41609	52363	63377
2377	11161	20903	31123	41611	52369	63389
2381	11171	20921	31139	41617	52379	63391
2383	11173	20929	31147	41621	52387	63397
2389	11177	20939	31151	41627	52391	63409
2393	11197	20947	31153	41641	52433	63419
2399	11213	20959	31159	41647	52453	63421
2411	11239	20963	31177	41651	52457	63439
2417	11243	20981	31181	41659	52489	63443
2423	11251	20983	31183	41669	52501	63463
2437	11257	21001	31189	41681	52511	63467
2441	11261	21011	31193	41687	52517	63473
2447	11273	21013	31219	41719	52529	63487
2459	11279	21017	31223	41729	52541	63493
2467	11287	21019	31231	41737	52543	63499
2473	11299	21023	31237	41759	52553	63521
2477	11311	21031	31247	41761	52561	63527
2503	11317	21059	31249	41771	52567	63533
2521	11321	21061	31253	41777	52571	63541
2531	11329	21067	31259	41801	52579	63559
2539	11351	21089	31267	41809	52583	63577
2543	11353	21101	31271	41813	52609	63587
2549	11369	21107	31277	41843	52627	63589
2551	11383	21121	31307	41849	52631	63599
2557	11393	21139	31319	41851	52639	63601
2579	11399	21143	31321	41863	52667	63607
2591	11411	21149	31327	41879	52673	63611
2593	11423	21157	31333	41887	52691	63617
2609	11437	21163	31337	41893	52697	63629
2617	11443	21169	31357	41897	52709	63647
2621	11447	21179	31379	41903	52711	63649
2633	11467	21187	31387	41911	52721	63659
2647	11471	21191	31391	41927	52727	63667
2657	11483	21193	31393	41941	52733	63671
2659	11489	21211	31397	41947	52747	63689
2663	11491	21221	31469	41953	52757	63691
2671	11497	21227	31477	41957	52769	63697
2677	11503	21247	31481	41959	52783	63703
2683	11519	21269	31489	41969	52807	63709
2687	11527	21277	31511	41981	52813	63719
2689	11549	21283	31513	41983	52817	63727
2693	11551	21313	31517	41999	52837	63737
2699	11579	21317	31531	42013	52859	63743
2707	11587	21319	31541	42017	52861	63761
2711	11593	21323	31543	42019	52879	63773
2713	11597	21341	31547	42023	52883	63781
2719	11617	21347	31567	42043	52889	63793
2729	11621	21377	31573	42061	52901	63799
2731	11633	21379	31583	42071	52903	63803
2741	11657	21383	31601	42073	52919	63809
2749	11677	21391	31607	42083	52937	63823
2753	11681	21397	31627	42089	52951	63839
2767	11689	21401	31643	42101	52957	63841
2777	11699	21407	31649	42131	52963	63853
2789	11701	21419	31657	42139	52967	63857
2791	11717	21433	31663	42157	52973	63863
2797	11719	21467	31667	42169	52981	63901
2801	11731	21481	31687	42179	52999	63907
2803	11743	21487	31699	42181	53003	63913
2819	11777	21491	31721	42187	53017	63929
2833	11779	21493	31723	42193	53047	63949
2837	11783	21499	31727	42197	53051	63977
2843	11789	21503	31729	42209	53069	63997
2851	11801	21517	31741	42221	53077	64007
2857	11807	21521	31751	42223	53087	64013
2861	11813	21523	31769	42227	53089	64019
2879	11821	21529	31771	42239	53093	64033
2887	11827	21557	31793	42257	53101	64037
2897	11831	21559	31799	42281	53113	64063
2903	11833	21563	31817	42283	53117	64067
2909	11839	21569	31847	42293	53129	64081
2917	11863	21577	31849	42299	53147	64091
2927	11867	21587	31859	42307	53149	64109
2939	11887	21589	31873	42323	53161	64123
2953	11897	21599	31883	42331	53171	64151
2957	11903	21601	31891	42337	53173	64153
2963	11909	21611	31907	42349	53189	64157
2969	11923	21613	31957	42359	53197	64171
2971	11927	21617	31963	42373	53201	64187
2999	11933	21647	31973	42379	53231	64189
3001	11939	21649	31981	42391	53233	64217
3011	11941	21661	31991	42397	53239	64223
3019	11953	21673	32003	42403	53267	64231
3023	11959	21683	32009	42407	53269	64237
3037	11969	21701	32027	42409	53279	64271
3041	11971	21713	32029	42433	53281	64279
3049	11981	21727	32051	42437	53299	64283
3061	11987	21737	32057	42443	53309	64301
3067	12007	21739	32059	42451	53323	64303
3079	12011	21751	32063	42457	53327	64319
3083	12037	21757	32069	42461	53353	64327
3089	12041	21767	32077	42463	53359	64333
3109	12043	21773	32083	42467	53377	64373
3119	12049	21787	32089	42473	53381	64381
3121	12071	21799	32099	42487	53401	64399
3137	12073	21803	32117	42491	53407	64403
3163	12097	21817	32119	42499	53411	64433
3167	12101	21821	32141	42509	53419	64439
3169	12107	21839	32143	42533	53437	64451
3181	12109	21841	32159	42557	53441	64453
3187	12113	21851	32173	42569	53453	64483
3191	12119	21859	32183	42571	53479	64489
3203	12143	21863	32189	42577	53503	64499
3209	12149	21871	32191	42589	53507	64513
3217	12157	21881	32203	42611	53527	64553
3221	12161	21893	32213	42641	53549	64567
3229	12163	21911	32233	42643	53551	64577
3251	12197	21929	32237	42649	53569	64579
3253	12203	21937	32251	42667	53591	64591
3257	12211	21943	32257	42677	53593	64601
3259	12227	21961	32261	42683	53597	64609
3271	12239	21977	32297	42689	53609	64613
3299	12241	21991	32299	42697	53611	64621
3301	12251	21997	32303	42701	53617	64627
3307	12253	22003	32309	42703	53623	64633
3313	12263	22013	32321	42709	53629	64661
3319	12269	22027	32323	42719	53633	64663
3323	12277	22031	32327	42727	53639	64667
3329	12281	22037	32341	42737	53653	64679
3331	12289	22039	32353	42743	53657	64693
3343	12301	22051	32359	42751	53681	64709
3347	12323	22063	32363	42767	53693	64717
3359	12329	22067	32369	42773	53699	64747
3361	12343	22073	32371	42787	53717	64763
3371	12347	22079	32377	42793	53719	64781
3373	12373	22091	32381	42797	53731	64783
3389	12377	22093	32401	42821	53759	64793
3391	12379	22109	32411	42829	53773	64811
3407	12391	22111	32413	42839	53777	64817
3413	12401	22123	32423	42841	53783	64849
3433	12409	22129	32429	42853	53791	64853
3449	12413	22133	32441	42859	53813	64871
3457	12421	22147	32443	42863	53819	64877
3461	12433	22153	32467	42899	53831	64879
3463	12437	22157	32479	42901	53849	64891
3467	12451	22159	32491	42923	53857	64901
3469	12457	22171	32497	42929	53861	64919
3491	12473	22189	32503	42937	53881	64921
3499	12479	22193	32507	42943	53887	64927
3511	12487	22229	32531	42953	53891	64937
3517	12491	22247	32533	42961	53897	64951
3527	12497	22259	32537	42967	53899	64969
3529	12503	22271	32561	42979	53917	64997
3533	12511	22273	32563	42989	53923	65003
3539	12517	22277	32569	43003	53927	65011
3541	12527	22279	32573	43013	53939	65027
3547	12539	22283	32579	43019	53951	65029
3557	12541	22291	32587	43037	53959	65033
3559	12547	22303	32603	43049	53987	65053
3571	12553	22307	32609	43051	53993	65063
3581	12569	22343	32611	43063	54001	65071
3583	12577	22349	32621	43067	54011	65089
3593	12583	22367	32633	43093	54013	65099
3607	12589	22369	32647	43103	54037	65101
3613	12601	22381	32653	43117	54049	65111
3617	12611	22391	32687	43133	54059	65119
3623	12613	22397	32693	43151	54083	65123
3631	12619	22409	32707	43159	54091	65129
3637	12637	22433	32713	43177	54101	65141
3643	12641	22441	32717	43189	54121	65147
3659	12647	22447	32719	43201	54133	65167
3671	12653	22453	32749	43207	54139	65171
3673	12659	22469	32771	43223	54151	65173
3677	12671	22481	32779	43237	54163	65179
3691	12689	22483	32783	43261	54167	65183
3697	12697	22501	32789	43271	54181	65203
3701	12703	22511	32797	43283	54193	65213
3709	12713	22531	32801	43291	54217	65239
3719	12721	22541	32803	43313	54251	65257
3727	12739	22543	32831	43319	54269	65267
3733	12743	22549	32833	43321	54277	65269
3739	12757	22567	32839	43331	54287	65287
3761	12763	22571	32843	43391	54293	65293
3767	12781	22573	32869	43397	54311	65309
3769	12791	22613	32887	43399	54319	65323
3779	12799	22619	32909	43403	54323	65327
3793	12809	22621	32911	43411	54331	65353
3797	12821	22637	32917	43427	54347	65357
3803	12823	22639	32933	43441	54361	65371
3821	12829	22643	32939	43451	54367	65381
3823	12841	22651	32941	43457	54371	65393
3833	12853	22669	32957	43481	54377	65407
3847	12889	22679	32969	43487	54401	65413
3851	12893	22691	32971	43499	54403	65419
3853	12899	22697	32983	43517	54409	65423
3863	12907	22699	32987	43541	54413	65437
3877	12911	22709	32993	43543	54419	65447
3881	12917	22717	32999	43573	54421	65449
3889	12919	22721	33013	43577	54437	65479
3907	12923	22727	33023	43579	54443	65497
3911	12941	22739	33029	43591	54449	65519
3917	12953	22741	33037	43597	54469	65521
3919	12959	22751	33049	43607	54493	65537
3923	12967	22769	33053	43609	54497	65539
3929	12973	22777	33071	43613	54499	65543
3931	12979	22783	33073	43627	54503	65551
3943	12983	22787	33083	43633	54517	65557
3947	13001	22807	33091	43649	54521	65563
3967	13003	22811	33107	43651	54539	65579
3989	13007	22817	33113	43661	54541	65581
4001	13009	22853	33119	43669	54547	65587
4003	13033	22859	33149	43691	54559	65599
4007	13037	22861	33151	43711	54563	65609
4013	13043	22871	33161	43717	54577	65617
4019	13049	22877	33179	43721	54581	65629
4021	13063	22901	33181	43753	54583	65633
4027	13093	22907	33191	43759	54601	65647
4049	13099	22921	33199	43777	54617	65651
4051	13103	22937	33203	43781	54623	65657
4057	13109	22943	33211	43783	54629	65677
4073	13121	22961	33223	43787	54631	65687
4079	13127	22963	33247	43789	54647	65699
4091	13147	22973	33287	43793	54667	65701
4093	13151	22993	33289	43801	54673	65707
4099	13159	23003	33301	43853	54679	65713
4111	13163	23011	33311	43867	54709	65717
4127	13171	23017	33317	43889	54713	65719
4129	13177	23021	33329	43891	54721	65729
4133	13183	23027	33331	43913	54727	65731
4139	13187	23029	33343	43933	54751	65761
4153	13217	23039	33347	43943	54767	65777
4157	13219	23041	33349	43951	54773	65789
4159	13229	23053	33353	43961	54779	65809
4177	13241	23057	33359	43963	54787	65827
4201	13249	23059	33377	43969	54799	65831
4211	13259	23063	33391	43973	54829	65837
4217	13267	23071	33403	43987	54833	65839
4219	13291	23081	33409	43991	54851	65843
4229	13297	23087	33413	43997	54869	65851
4231	13309	23099	33427	44017	54877	65867
4241	13313	23117	33457	44021	54881	65881
4243	13327	23131	33461	44027	54907	65899
4253	13331	23143	33469	44029	54917	65921
4259	13337	23159	33479	44041	54919	65927
4261	13339	23167	33487	44053	54941	65929
4271	13367	23173	33493	44059	54949	65951
4273	13381	23189	33503	44071	54959	65957
4283	13397	23197	33521	44087	54973	65963
4289	13399	23201	33529	44089	54979	65981
4297	13411	23203	33533	44101	54983	65983
4327	13417	23209	33547	44111	55001	65993
4337	13421	23227	33563	44119	55009	66029
4339	13441	23251	33569	44123	55021	66037
4349	13451	23269	33577	44129	55049	66041
4357	13457	23279	33581	44131	55051	66047
4363	13463	23291	33587	44159	55057	66067
4373	13469	23293	33589	44171	55061	66071
4391	13477	23297	33599	44179	55073	66083
4397	13487	23311	33601	44189	55079	66089
4409	13499	23321	33613	44201	55103	66103
4421	13513	23327	33617	44203	55109	66107
4423	13523	23333	33619	44207	55117	66109
4441	13537	23339	33623	44221	55127	66137
4447	13553	23357	33629	44249	55147	66161
4451	13567	23369	33637	44257	55163	66169
4457	13577	23371	33641	44263	55171	66173
4463	13591	23399	33647	44267	55201	66179
4481	13597	23417	33679	44269	55207	66191
4483	13613	23431	33703	44273	55213	66221
4493	13619	23447	33713	44279	55217	66239
4507	13627	23459	33721	44281	55219	66271
4513	13633	23473	33739	44293	55229	66293
4517	13649	23497	33749	44351	55243	66301
4519	13669	23509	33751	44357	55249	66337
4523	13679	23531	33757	44371	55259	66343
4547	13681	23537	33767	44381	55291	66347
4549	13687	23539	33769	44383	55313	66359
4561	13691	23549	33773	44389	55331	66361
4567	13693	23557	33791	44417	55333	66373
4583	13697	23561	33797	44449	55337	66377
4591	13709	23563	33809	44453	55339	66383
4597	13711	23567	33811	44483	55343	66403
4603	13721	23581	33827	44491	55351	66413
4621	13723	23593	33829	44497	55373	66431
4637	13729	23599	33851	44501	55381	66449
4639	13751	23603	33857	44507	55399	66457
4643	13757	23609	33863	44519	55411	66463
4649	13759	23623	33871	44531	55439	66467
4651	13763	23627	33889	44533	55441	66491
4657	13781	23629	33893	44537	55457	66499
4663	13789	23633	33911	44543	55469	66509
4673	13799	23663	33923	44549	55487	66523
4679	13807	23669	33931	44563	55501	66529
4691	13829	23671	33937	44579	55511	66533
4703	13831	23677	33941	44587	55529	66541
4721	13841	23687	33961	44617	55541	66553
4723	13859	23689	33967	44621	55547	66569
4729	13873	23719	33997	44623	55579	66571
4733	13877	23741	34019	44633	55589	66587
4751	13879	23743	34031	44641	55603	66593
4759	13883	23747	34033	44647	55609	66601
4783	13901	23753	34039	44651	55619	66617
4787	13903	23761	34057	44657	55621	66629
4789	13907	23767	34061	44683	55631	66643
4793	13913	23773	34123	44687	55633	66653
4799	13921	23789	34127	44699	55639	66683
4801	13931	23801	34129	44701	55661	66697
4813	13933	23813	34141	44711	55663	66701
4817	13963	23819	34147	44729	55667	66713
4831	13967	23827	34157	44741	55673	66721
4861	13997	23831	34159	44753	55681	66733
4871	13999	23833	34171	44771	55691	66739
4877	14009	23857	34183	44773	55697	66749
4889	14011	23869	34211	44777	55711	66751
4903	14029	23873	34213	44789	55717	66763
4909	14033	23879	34217	44797	55721	66791
4919	14051	23887	34231	44809	55733	66797
4931	14057	23893	34253	44819	55763	66809
4933	14071	23899	34259	44839	55787	66821
4937	14081	23909	34261	44843	55793	66841
4943	14083	23911	34267	44851	55799	66851
4951	14087	23917	34273	44867	55807	66853
4957	14107	23929	34283	44879	55813	66863
4967	14143	23957	34297	44887	55817	66877
4969	14149	23971	34301	44893	55819	66883
4973	14153	23977	34303	44909	55823	66889
4987	14159	23981	34313	44917	55829	66919
4993	14173	23993	34319	44927	55837	66923
4999	14177	24001	34327	44939	55843	66931
5003	14197	24007	34337	44953	55849	66943
5009	14207	24019	34351	44959	55871	66947
5011	14221	24023	34361	44963	55889	66949
5021	14243	24029	34367	44971	55897	66959
5023	14249	24043	34369	44983	55901	66973
5039	14251	24049	34381	44987	55903	66977
5051	14281	24061	34403	45007	55921	67003
5059	14293	24071	34421	45013	55927	67021
5077	14303	24077	34429	45053	55931	67033
5081	14321	24083	34439	45061	55933	67043
5087	14323	24091	34457	45077	55949	67049
5099	14327	24097	34469	45083	55967	67057
5101	14341	24103	34471	45119	55987	67061
5107	14347	24107	34483	45121	55997	67073
5113	14369	24109	34487	45127	56003	67079
5119	14387	24113	34499	45131	56009	67103
5147	14389	24121	34501	45137	56039	67121
5153	14401	24133	34511	45139	56041	67129
5167	14407	24137	34513	45161	56053	67139
5171	14411	24151	34519	45179	56081	67141
5179	14419	24169	34537	45181	56087	67153
5189	14423	24179	34543	45191	56093	67157
5197	14431	24181	34549	45197	56099	67169
5209	14437	24197	34583	45233	56101	67181
5227	14447	24203	34589	45247	56113	67187
5231	14449	24223	34591	45259	56123	67189
5233	14461	24229	34603	45263	56131	67211
5237	14479	24239	34607	45281	56149	67213
5261	14489	24247	34613	45289	56167	67217
5273	14503	24251	34631	45293	56171	67219
5279	14519	24281	34649	45307	56179	67231
5281	14533	24317	34651	45317	56197	67247
5297	14537	24329	34667	45319	56207	67261
5303	14543	24337	34673	45329	56209	67271
5309	14549	24359	34679	45337	56237	67273
5323	14551	24371	34687	45341	56239	67289
5333	14557	24373	34693	45343	56249	67307
5347	14561	24379	34703	45361	56263	67339
5351	14563	24391	34721	45377	56267	67343
5381	14591	24407	34729	45389	56269	67349
5387	14593	24413	34739	45403	56299	67369
5393	14621	24419	34747	45413	56311	67391
5399	14627	24421	34757	45427	56333	67399
5407	14629	24439	34759	45433	56359	67409
5413	14633	24443	34763	45439	56369	67411
5417	14639	24469	34781	45481	56377	67421
5419	14653	24473	34807	45491	56383	67427
5431	14657	24481	34819	45497	56393	67429
5437	14669	24499	34841	45503	56401	67433
5441	14683	24509	34843	45523	56417	67447
5443	14699	24517	34847	45533	56431	67453
5449	14713	24527	34849	45541	56437	67477
5471	14717	24533	34871	45553	56443	67481
5477	14723	24547	34877	45557	56453	67489
5479	14731	24551	34883	45569	56467	67493
5483	14737	24571	34897	45587	56473	67499
5501	14741	24593	34913	45589	56477	67511
5503	14747	24611	34919	45599	56479	67523
5507	14753	24623	34939	45613	56489	67531
5519	14759	24631	34949	45631	56501	67537
5521	14767	24659	34961	45641	56503	67547
5527	14771	24671	34963	45659	56509	67559
5531	14779	24677	34981	45667	56519	67567
5557	14783	24683	35023	45673	56527	67577
5563	14797	24691	35027	45677	56531	67579
5569	14813	24697	35051	45691	56533	67589
5573	14821	24709	35053	45697	56543	67601
5581	14827	24733	35059	45707	56569	67607
5591	14831	24749	35069	45737	56591	67619
5623	14843	24763	35081	45751	56597	67631
5639	14851	24767	35083	45757	56599	67651
5641	14867	24781	35089	45763	56611	67679
5647	14869	24793	35099	45767	56629	67699
5651	14879	24799	35107	45779	56633	67709
5653	14887	24809	35111	45817	56659	67723
5657	14891	24821	35117	45821	56663	67733
5659	14897	24841	35129	45823	56671	67741
5669	14923	24847	35141	45827	56681	67751
5683	14929	24851	35149	45833	56687	67757
5689	14939	24859	35153	45841	56701	67759
5693	14947	24877	35159	45853	56711	67763
5701	14951	24889	35171	45863	56713	67777
5711	14957	24907	35201	45869	56731	67783
5717	14969	24917	35221	45887	56737	67789
5737	14983	24919	35227	45893	56747	67801
5741	15013	24923	35251	45943	56767	67807
5743	15017	24943	35257	45949	56773	67819
5749	15031	24953	35267	45953	56779	67829
5779	15053	24967	35279	45959	56783	67843
5783	15061	24971	35281	45971	56807	67853
5791	15073	24977	35291	45979	56809	67867
5801	15077	24979	35311	45989	56813	67883
5807	15083	24989	35317	46021	56821	67891
5813	15091	25013	35323	46027	56827	67901
5821	15101	25031	35327	46049	56843	67927
5827	15107	25033	35339	46051	56857	67931
5839	15121	25037	35353	46061	56873	67933
5843	15131	25057	35363	46073	56891	67939
5849	15137	25073	35381	46091	56893	67943
5851	15139	25087	35393	46093	56897	67957
5857	15149	25097	35401	46099	56909	67961
5861	15161	25111	35407	46103	56911	67967
5867	15173	25117	35419	46133	56921	67979
5869	15187	25121	35423	46141	56923	67987
5879	15193	25127	35437	46147	56929	67993
5881	15199	25147	35447	46153	56941	68023
5897	15217	25153	35449	46171	56951	68041
5903	15227	25163	35461	46181	56957	68053
5923	15233	25169	35491	46183	56963	68059
5927	15241	25171	35507	46187	56983	68071
5939	15259	25183	35509	46199	56989	68087
5953	15263	25189	35521	46219	56993	68099
5981	15269	25219	35527	46229	56999	68111
5987	15271	25229	35531	46237	57037	68113
6007	15277	25237	35533	46261	57041	68141
6011	15287	25243	35537	46271	57047	68147
6029	15289	25247	35543	46273	57059	68161
6037	15299	25253	35569	46279	57073	68171
6043	15307	25261	35573	46301	57077	68207
6047	15313	25301	35591	46307	57089	68209
6053	15319	25303	35593	46309	57097	68213
6067	15329	25307	35597	46327	57107	68219
6073	15331	25309	35603	46337	57119	68227
6079	15349	25321	35617	46349	57131	68239
6089	15359	25339	35671	46351	57139	68261
6091	15361	25343	35677	46381	57143	68279
6101	15373	25349	35729	46399	57149	68281
6113	15377	25357	35731	46411	57163	68311
6121	15383	25367	35747	46439	57173	68329
6131	15391	25373	35753	46441	57179	68351
6133	15401	25391	35759	46447	57191	68371
6143	15413	25409	35771	46451	57193	68389
6151	15427	25411	35797	46457	57203	68399
6163	15439	25423	35801	46471	57221	68437
6173	15443	25439	35803	46477	57223	68443
6197	15451	25447	35809	46489	57241	68447
6199	15461	25453	35831	46499	57251	68449
6203	15467	25457	35837	46507	57259	68473
6211	15473	25463	35839	46511	57269	68477
6217	15493	25469	35851	46523	57271	68483
6221	15497	25471	35863	46549	57283	68489
6229	15511	25523	35869	46559	57287	68491
6247	15527	25537	35879	46567	57301	68501
6257	15541	25541	35897	46573	57329	68507
6263	15551	25561	35899	46589	57331	68521
6269	15559	25577	35911	46591	57347	68531
6271	15569	25579	35923	46601	57349	68539
6277	15581	25583	35933	46619	57367	68543
6287	15583	25589	35951	46633	57373	68567
6299	15601	25601	35963	46639	57383	68581
6301	15607	25603	35969	46643	57389	68597
6311	15619	25609	35977	46649	57397	68611
6317	15629	25621	35983	46663	57413	68633
6323	15641	25633	35993	46679	57427	68639
6329	15643	25639	35999	46681	57457	68659
6337	15647	25643	36007	46687	57467	68669
6343	15649	25657	36011	46691	57487	68683
6353	15661	25667	36013	46703	57493	68687
6359	15667	25673	36017	46723	57503	68699
6361	15671	25679	36037	46727	57527	68711
6367	15679	25693	36061	46747	57529	68713
6373	15683	25703	36067	46751	57557	68729
6379	15727	25717	36073	46757	57559	68737
6389	15731	25733	36083	46769	57571	68743
6397	15733	25741	36097	46771	57587	68749
6421	15737	25747	36107	46807	57593	68767
6427	15739	25759	36109	46811	57601	68771
6449	15749	25763	36131	46817	57637	68777
6451	15761	25771	36137	46819	57641	68791
6469	15767	25793	36151	46829	57649	68813
6473	15773	25799	36161	46831	57653	68819
6481	15787	25801	36187	46853	57667	68821
6491	15791	25819	36191	46861	57679	68863
6521	15797	25841	36209	46867	57689	68879
6529	15803	25847	36217	46877	57697	68881
6547	15809	25849	36229	46889	57709	68891
6551	15817	25867	36241	46901	57713	68897
6553	15823	25873	36251	46919	57719	68899
6563	15859	25889	36263	46933	57727	68903
6569	15877	25903	36269	46957	57731	68909
6571	15881	25913	36277	46993	57737	68917
6577	15887	25919	36293	46997	57751	68927
6581	15889	25931	36299	47017	57773	68947
6599	15901	25933	36307	47041	57781	68963
6607	15907	25939	36313	47051	57787	68993
6619	15913	25943	36319	47057	57791	69001
6637	15919	25951	36341	47059	57793	69011
6653	15923	25969	36343	47087	57803	69019
6659	15937	25981	36353	47093	57809	69029
6661	15959	25997	36373	47111	57829	69031
6673	15971	25999	36383	47119	57839	69061
6679	15973	26003	36389	47123	57847	69067
6689	15991	26017	36433	47129	57853	69073
6691	16001	26021	36451	47137	57859	69109
6701	16007	26029	36457	47143	57881	69119
6703	16033	26041	36467	47147	57899	69127
6709	16057	26053	36469	47149	57901	69143
6719	16061	26083	36473	47161	57917	69149
6733	16063	26099	36479	47189	57923	69151
6737	16067	26107	36493	47207	57943	69163
6761	16069	26111	36497	47221	57947	69191
6763	16073	26113	36523	47237	57973	69193
6779	16087	26119	36527	47251	57977	69197
6781	16091	26141	36529	47269	57991	69203
6791	16097	26153	36541	47279	58013	69221
6793	16103	26161	36551	47287	58027	69233
6803	16111	26171	36559	47293	58031	69239
6823	16127	26177	36563	47297	58043	69247
6827	16139	26183	36571	47303	58049	69257
6829	16141	26189	36583	47309	58057	69259
6833	16183	26203	36587	47317	58061	69263
6841	16187	26209	36599	47339	58067	69313
6857	16189	26227	36607	47351	58073	69317
6863	16193	26237	36629	47353	58099	69337
6869	16217	26249	36637	47363	58109	69341
6871	16223	26251	36643	47381	58111	69371
6883	16229	26261	36653	47387	58129	69379
6899	16231	26263	36671	47389	58147	69383
6907	16249	26267	36677	47407	58151	69389
6911	16253	26293	36683	47417	58153	69401
6917	16267	26297	36691	47419	58169	69403
6947	16273	26309	36697	47431	58171	69427
6949	16301	26317	36709	47441	58189	69431
6959	16319	26321	36713	47459	58193	69439
6961	16333	26339	36721	47491	58199	69457
6967	16339	26347	36739	47497	58207	69463
6971	16349	26357	36749	47501	58211	69467
6977	16361	26371	36761	47507	58217	69473
6983	16363	26387	36767	47513	58229	69481
6991	16369	26393	36779	47521	58231	69491
6997	16381	26399	36781	47527	58237	69493
7001	16411	26407	36787	47533	58243	69497
7013	16417	26417	36791	47543	58271	69499
7019	16421	26423	36793	47563	58309	69539
7027	16427	26431	36809	47569	58313	69557
7039	16433	26437	36821	47581	58321	69593
7043	16447	26449	36833	47591	58337	69623
7057	16451	26459	36847	47599	58363	69653
7069	16453	26479	36857	47609	58367	69661
7079	16477	26489	36871	47623	58369	69677
7103	16481	26497	36877	47629	58379	69691
7109	16487	26501	36887	47639	58391	69697
7121	16493	26513	36899	47653	58393	69709
7127	16519	26539	36901	47657	58403	69737
7129	16529	26557	36913	47659	58411	69739
7151	16547	26561	36919	47681	58417	69761
7159	16553	26573	36923	47699	58427	69763
7177	16561	26591	36929	47701	58439	69767
7187	16567	26597	36931	47711	58441	69779
7193	16573	26627	36943	47713	58451	69809
7207	16603	26633	36947	47717	58453	69821
7211	16607	26641	36973	47737	58477	69827
7213	16619	26647	36979	47741	58481	69829
7219	16631	26669	36997	47743	58511	69833
7229	16633	26681	37003	47777	58537	69847
7237	16649	26683	37013	47779	58543	69857
7243	16651	26687	37019	47791	58549	69859
7247	16657	26693	37021	47797	58567	69877
7253	16661	26699	37039	47807	58573	69899
7283	16673	26701	37049	47809	58579	69911
7297	16691	26711	37057	47819	58601	69929
7307	16693	26713	37061	47837	58603	69931
7309	16699	26717	37087	47843	58613	69941
7321	16703	26723	37097	47857	58631	69959
7331	16729	26729	37117	47869	58657	69991
7333	16741	26731	37123	47881	58661	69997
7349	16747	26737	37139	47903	58679	70001
7351	16759	26759	37159	47911	58687	70003
7369	16763	26777	37171	47917	58693	70009
7393	16787	26783	37181	47933	58699	70019
7411	16811	26801	37189	47939	58711	70039
7417	16823	26813	37199	47947	58727	70051
7433	16829	26821	37201	47951	58733	70061
7451	16831	26833	37217	47963	58741	70067
7457	16843	26839	37223	47969	58757	70079
7459	16871	26849	37243	47977	58763	70099
7477	16879	26861	37253	47981	58771	70111
7481	16883	26863	37273	48017	58787	70117
7487	16889	26879	37277	48023	58789	70121
7489	16901	26881	37307	48029	58831	70123
7499	16903	26891	37309	48049	58889	70139
7507	16921	26893	37313	48073	58897	70141
7517	16927	26903	37321	48079	58901	70157
7523	16931	26921	37337	48091	58907	70163
7529	16937	26927	37339	48109	58909	70177
7537	16943	26947	37357	48119	58913	70181
7541	16963	26951	37361	48121	58921	70183
7547	16979	26953	37363	48131	58937	70199
7549	16981	26959	37369	48157	58943	70201
7559	16987	26981	37379	48163	58963	70207
7561	16993	26987	37397	48179	58967	70223
7573	17011	26993	37409	48187	58979	70229
7577	17021	27011	37423	48193	58991	70237
7583	17027	27017	37441	48197	58997	70241
7589	17029	27031	37447	48221	59009	70249
7591	17033	27043	37463	48239	59011	70271
7603	17041	27059	37483	48247	59021	70289
7607	17047	27061	37489	48259	59023	70297
7621	17053	27067	37493	48271	59029	70309
7639	17077	27073	37501	48281	59051	70313
7643	17093	27077	37507	48299	59053	70321
7649	17099	27091	37511	48311	59063	70327
7669	17107	27103	37517	48313	59069	70351
7673	17117	27107	37529	48337	59077	70373
7681	17123	27109	37537	48341	59083	70379
7687	17137	27127	37547	48353	59093	70381
7691	17159	27143	37549	48371	59107	70393
7699	17167	27179	37561	48383	59113	70423
7703	17183	27191	37567	48397	59119	70429
7717	17189	27197	37571	48407	59123	70439
7723	17191	27211	37573	48409	59141	70451
7727	17203	27239	37579	48413	59149	70457
7741	17207	27241	37589	48437	59159	70459
7753	17209	27253	37591	48449	59167	70481
7757	17231	27259	37607	48463	59183	70487
7759	17239	27271	37619	48473	59197	70489
7789	17257	27277	37633	48479	59207	70501
7793	17291	27281	37643	48481	59209	70507
7817	17293	27283	37649	48487	59219	70529
7823	17299	27299	37657	48491	59221	70537
7829	17317	27329	37663	48497	59233	70549
7841	17321	27337	37691	48523	59239	70571
7853	17327	27361	37693	48527	59243	70573
7867	17333	27367	37699	48533	59263	70583
7873	17341	27397	37717	48539	59273	70589
7877	17351	27407	37747	48541	59281	70607
7879	17359	27409	37781	48563	59333	70619
7883	17377	27427	37783	48571	59341	70621
7901	17383	27431	37799	48589	59351	70627
7907	17387	27437	37811	48593	59357	70639
7919	17389	27449	37813	48611	59359	70657
